0	1	1	0	1.19238281
0	2	12	3	0.693359375
0	3	13	2	1.38671875
1	12	4	10	2.83300781
1	13	10	4	2.13964844
1	14	11	5	2.13964844
1	2	12	3	2.13964844
1	3	13	2	2.83300781
1	15	14	0	1.734375
1	16	19	1	2.13964844
1	5	20	9	2.13964844
1	1.44726562
2	1	7	0
3	4	16	0
4	1	1	0	0.568359375
4	5	20	9	0.693359375
5	6	9	0
6	1	1	0	0.973632812
6	7	14	1	0.405273438
6	8	19	1	0.405273438
7	11	8	0
8	9	8	0
9	10	1	0
9	0.405273438
10	1	1	0	0.830078125
10	0.405273438
11	9	2	0
12	21	6	0
13	19	5	0
14	1	21	0
15	17	8	0
16	10	8	0
17	10	2	1	0.405273438
17	18	3	7	1.09863281
18	1	1	0	0.424804688
18	0.693359375
19	20	18	0
20	1	1	0	0.663085938
20	5	20	9	1.09863281
20	1.09863281
21	1	1	0	0.6328125
21	22	14	7	0.693359375
22	23	8	0
23	18	3	0
